(kicad_pcb (version 20171130) (host pcbnew 5.0.0)

  (general
    (thickness 1.6)
    (drawings 4)
    (tracks 351)
    (zones 0)
    (modules 32)
    (nets 14)
  )

  (page A4)
  (layers
    (0 F.Cu signal)
    (31 B.Cu signal)
    (32 B.Adhes user)
    (33 F.Adhes user)
    (34 B.Paste user)
    (35 F.Paste user)
    (36 B.SilkS user)
    (37 F.SilkS user)
    (38 B.Mask user)
    (39 F.Mask user)
    (40 Dwgs.User user)
    (41 Cmts.User user)
    (42 Eco1.User user)
    (43 Eco2.User user)
    (44 Edge.Cuts user)
    (45 Margin user)
    (46 B.CrtYd user)
    (47 F.CrtYd user)
    (48 B.Fab user)
    (49 F.Fab user)
  )

  (setup
    (last_trace_width 2.5)
    (trace_clearance 0.2)
    (zone_clearance 0.508)
    (zone_45_only no)
    (trace_min 0.2)
    (segment_width 0.2)
    (edge_width 0.15)
    (via_size 0.8)
    (via_drill 0.4)
    (via_min_size 0.4)
    (via_min_drill 0.3)
    (uvia_size 0.3)
    (uvia_drill 0.1)
    (uvias_allowed no)
    (uvia_min_size 0.2)
    (uvia_min_drill 0.1)
    (pcb_text_width 0.3)
    (pcb_text_size 1.5 1.5)
    (mod_edge_width 0.15)
    (mod_text_size 1 1)
    (mod_text_width 0.15)
    (pad_size 1.524 1.524)
    (pad_drill 0.762)
    (pad_to_mask_clearance 0.2)
    (aux_axis_origin 0 0)
    (visible_elements FFFFFF7F)
    (pcbplotparams
      (layerselection 0x010fc_ffffffff)
      (usegerberextensions false)
      (usegerberattributes false)
      (usegerberadvancedattributes false)
      (creategerberjobfile false)
      (excludeedgelayer true)
      (linewidth 0.100000)
      (plotframeref false)
      (viasonmask false)
      (mode 1)
      (useauxorigin false)
      (hpglpennumber 1)
      (hpglpenspeed 20)
      (hpglpendiameter 15.000000)
      (psnegative false)
      (psa4output false)
      (plotreference true)
      (plotvalue true)
      (plotinvisibletext false)
      (padsonsilk false)
      (subtractmaskfromsilk false)
      (outputformat 1)
      (mirror false)
      (drillshape 1)
      (scaleselection 1)
      (outputdirectory ""))
  )

  (net 0 "")
  (net 1 GND)
  (net 2 "Net-(C3-Pad1)")
  (net 3 "Net-(C6-Pad1)")
  (net 4 "Net-(C7-Pad1)")
  (net 5 "Net-(C8-Pad1)")
  (net 6 "Net-(R2-Pad1)")
  (net 7 "Net-(C9-Pad1)")
  (net 8 "Net-(C10-Pad2)")
  (net 9 "Net-(C10-Pad1)")
  (net 10 "Net-(C11-Pad1)")
  (net 11 "Net-(C12-Pad1)")
  (net 12 "Net-(C12-Pad2)")
  (net 13 "Net-(C2-Pad1)")

  (net_class Default "Это класс цепей по умолчанию."
    (clearance 0.2)
    (trace_width 2.5)
    (via_dia 0.8)
    (via_drill 0.4)
    (uvia_dia 0.3)
    (uvia_drill 0.1)
    (add_net GND)
    (add_net "Net-(C10-Pad1)")
    (add_net "Net-(C10-Pad2)")
    (add_net "Net-(C11-Pad1)")
    (add_net "Net-(C12-Pad1)")
    (add_net "Net-(C12-Pad2)")
    (add_net "Net-(C2-Pad1)")
    (add_net "Net-(C3-Pad1)")
    (add_net "Net-(C6-Pad1)")
    (add_net "Net-(C7-Pad1)")
    (add_net "Net-(C8-Pad1)")
    (add_net "Net-(C9-Pad1)")
    (add_net "Net-(R2-Pad1)")
  )

  (module Inductor_THT:L_Axial_L9.5mm_D4.0mm_P15.24mm_Horizontal_Fastron_SMCC (layer F.Cu) (tedit 5AE59B05) (tstamp 5C609401)
    (at 115.57 84.328 90)
    (descr "Inductor, Axial series, Axial, Horizontal, pin pitch=15.24mm, , length*diameter=9.5*4mm^2, Fastron, SMCC, http://cdn-reichelt.de/documents/datenblatt/B400/DS_SMCC_NEU.pdf, http://cdn-reichelt.de/documents/datenblatt/B400/LEADEDINDUCTORS.pdf")
    (tags "Inductor Axial series Axial Horizontal pin pitch 15.24mm  length 9.5mm diameter 4mm Fastron SMCC")
    (path /5C52EA6B)
    (fp_text reference L1 (at 7.62 -3.12 90) (layer F.SilkS)
      (effects (font (size 1 1) (thickness 0.15)))
    )
    (fp_text value L (at 7.62 3.12 90) (layer F.Fab)
      (effects (font (size 1 1) (thickness 0.15)))
    )
    (fp_line (start 2.87 -2) (end 2.87 2) (layer F.Fab) (width 0.1))
    (fp_line (start 2.87 2) (end 12.37 2) (layer F.Fab) (width 0.1))
    (fp_line (start 12.37 2) (end 12.37 -2) (layer F.Fab) (width 0.1))
    (fp_line (start 12.37 -2) (end 2.87 -2) (layer F.Fab) (width 0.1))
    (fp_line (start 0 0) (end 2.87 0) (layer F.Fab) (width 0.1))
    (fp_line (start 15.24 0) (end 12.37 0) (layer F.Fab) (width 0.1))
    (fp_line (start 2.75 -2.12) (end 2.75 2.12) (layer F.SilkS) (width 0.12))
    (fp_line (start 2.75 2.12) (end 12.49 2.12) (layer F.SilkS) (width 0.12))
    (fp_line (start 12.49 2.12) (end 12.49 -2.12) (layer F.SilkS) (width 0.12))
    (fp_line (start 12.49 -2.12) (end 2.75 -2.12) (layer F.SilkS) (width 0.12))
    (fp_line (start 1.24 0) (end 2.75 0) (layer F.SilkS) (width 0.12))
    (fp_line (start 14 0) (end 12.49 0) (layer F.SilkS) (width 0.12))
    (fp_line (start -1.25 -2.25) (end -1.25 2.25) (layer F.CrtYd) (width 0.05))
    (fp_line (start -1.25 2.25) (end 16.5 2.25) (layer F.CrtYd) (width 0.05))
    (fp_line (start 16.5 2.25) (end 16.5 -2.25) (layer F.CrtYd) (width 0.05))
    (fp_line (start 16.5 -2.25) (end -1.25 -2.25) (layer F.CrtYd) (width 0.05))
    (fp_text user %R (at 7.62 0 90) (layer F.Fab)
      (effects (font (size 1 1) (thickness 0.15)))
    )
    (pad 1 thru_hole circle (at 0 0 90) (size 2 2) (drill 1) (layers *.Cu *.Mask)
      (net 13 "Net-(C2-Pad1)"))
    (pad 2 thru_hole oval (at 15.24 0 90) (size 2 2) (drill 1) (layers *.Cu *.Mask)
      (net 1 GND))
    (model ${KISYS3DMOD}/Inductor_THT.3dshapes/L_Axial_L9.5mm_D4.0mm_P15.24mm_Horizontal_Fastron_SMCC.wrl
      (at (xyz 0 0 0))
      (scale (xyz 1 1 1))
      (rotate (xyz 0 0 0))
    )
  )

  (module Capacitor_SMD:C_1206_3216Metric (layer B.Cu) (tedit 5B301BBE) (tstamp 5CEC169A)
    (at 124.082 77.216 180)
    (descr "Capacitor SMD 1206 (3216 Metric), square (rectangular) end terminal, IPC_7351 nominal, (Body size source: http://www.tortai-tech.com/upload/download/2011102023233369053.pdf), generated with kicad-footprint-generator")
    (tags capacitor)
    (path /5C52EBF8)
    (attr smd)
    (fp_text reference C5 (at -1.648 0 180) (layer B.SilkS)
      (effects (font (size 1 1) (thickness 0.15)) (justify mirror))
    )
    (fp_text value 300pF (at 3.94 0 180) (layer B.Fab)
      (effects (font (size 1 1) (thickness 0.15)) (justify mirror))
    )
    (fp_text user %R (at 0 0 180) (layer B.Fab)
      (effects (font (size 0.8 0.8) (thickness 0.12)) (justify mirror))
    )
    (fp_line (start 2.28 -1.12) (end -2.28 -1.12) (layer B.CrtYd) (width 0.05))
    (fp_line (start 2.28 1.12) (end 2.28 -1.12) (layer B.CrtYd) (width 0.05))
    (fp_line (start -2.28 1.12) (end 2.28 1.12) (layer B.CrtYd) (width 0.05))
    (fp_line (start -2.28 -1.12) (end -2.28 1.12) (layer B.CrtYd) (width 0.05))
    (fp_line (start -0.602064 -0.91) (end 0.602064 -0.91) (layer B.SilkS) (width 0.12))
    (fp_line (start -0.602064 0.91) (end 0.602064 0.91) (layer B.SilkS) (width 0.12))
    (fp_line (start 1.6 -0.8) (end -1.6 -0.8) (layer B.Fab) (width 0.1))
    (fp_line (start 1.6 0.8) (end 1.6 -0.8) (layer B.Fab) (width 0.1))
    (fp_line (start -1.6 0.8) (end 1.6 0.8) (layer B.Fab) (width 0.1))
    (fp_line (start -1.6 -0.8) (end -1.6 0.8) (layer B.Fab) (width 0.1))
    (pad 2 smd roundrect (at 1.4 0 180) (size 1.25 1.75) (layers B.Cu B.Paste B.Mask) (roundrect_rratio 0.2)
      (net 1 GND))
    (pad 1 smd roundrect (at -1.4 0 180) (size 1.25 1.75) (layers B.Cu B.Paste B.Mask) (roundrect_rratio 0.2)
      (net 2 "Net-(C3-Pad1)"))
    (model ${KISYS3DMOD}/Capacitor_SMD.3dshapes/C_1206_3216Metric.wrl
      (at (xyz 0 0 0))
      (scale (xyz 1 1 1))
      (rotate (xyz 0 0 0))
    )
  )

  (module Capacitor_THT:C_Disc_D5.0mm_W2.5mm_P5.00mm (layer F.Cu) (tedit 5AE50EF0) (tstamp 5C6092E5)
    (at 119.888 83.486 90)
    (descr "C, Disc series, Radial, pin pitch=5.00mm, , diameter*width=5*2.5mm^2, Capacitor, http://cdn-reichelt.de/documents/datenblatt/B300/DS_KERKO_TC.pdf")
    (tags "C Disc series Radial pin pitch 5.00mm  diameter 5mm width 2.5mm Capacitor")
    (path /5C52EA08)
    (fp_text reference C2 (at 2.5 -2.5 90) (layer F.SilkS)
      (effects (font (size 1 1) (thickness 0.15)))
    )
    (fp_text value 2-7pF (at 2.5 2.5 90) (layer F.Fab)
      (effects (font (size 1 1) (thickness 0.15)))
    )
    (fp_text user %R (at 2.5 0 90) (layer F.Fab)
      (effects (font (size 1 1) (thickness 0.15)))
    )
    (fp_line (start 6.05 -1.5) (end -1.05 -1.5) (layer F.CrtYd) (width 0.05))
    (fp_line (start 6.05 1.5) (end 6.05 -1.5) (layer F.CrtYd) (width 0.05))
    (fp_line (start -1.05 1.5) (end 6.05 1.5) (layer F.CrtYd) (width 0.05))
    (fp_line (start -1.05 -1.5) (end -1.05 1.5) (layer F.CrtYd) (width 0.05))
    (fp_line (start 5.12 1.055) (end 5.12 1.37) (layer F.SilkS) (width 0.12))
    (fp_line (start 5.12 -1.37) (end 5.12 -1.055) (layer F.SilkS) (width 0.12))
    (fp_line (start -0.12 1.055) (end -0.12 1.37) (layer F.SilkS) (width 0.12))
    (fp_line (start -0.12 -1.37) (end -0.12 -1.055) (layer F.SilkS) (width 0.12))
    (fp_line (start -0.12 1.37) (end 5.12 1.37) (layer F.SilkS) (width 0.12))
    (fp_line (start -0.12 -1.37) (end 5.12 -1.37) (layer F.SilkS) (width 0.12))
    (fp_line (start 5 -1.25) (end 0 -1.25) (layer F.Fab) (width 0.1))
    (fp_line (start 5 1.25) (end 5 -1.25) (layer F.Fab) (width 0.1))
    (fp_line (start 0 1.25) (end 5 1.25) (layer F.Fab) (width 0.1))
    (fp_line (start 0 -1.25) (end 0 1.25) (layer F.Fab) (width 0.1))
    (pad 2 thru_hole circle (at 5 0 90) (size 1.6 1.6) (drill 0.8) (layers *.Cu *.Mask)
      (net 1 GND))
    (pad 1 thru_hole circle (at 0 0 90) (size 1.6 1.6) (drill 0.8) (layers *.Cu *.Mask)
      (net 13 "Net-(C2-Pad1)"))
    (model ${KISYS3DMOD}/Capacitor_THT.3dshapes/C_Disc_D5.0mm_W2.5mm_P5.00mm.wrl
      (at (xyz 0 0 0))
      (scale (xyz 1 1 1))
      (rotate (xyz 0 0 0))
    )
  )

  (module Capacitor_THT:C_Disc_D7.5mm_W2.5mm_P5.00mm (layer F.Cu) (tedit 5AE50EF0) (tstamp 5C60935F)
    (at 160.528 82.042 270)
    (descr "C, Disc series, Radial, pin pitch=5.00mm, , diameter*width=7.5*2.5mm^2, Capacitor, http://www.vishay.com/docs/28535/vy2series.pdf")
    (tags "C Disc series Radial pin pitch 5.00mm  diameter 7.5mm width 2.5mm Capacitor")
    (path /5C53DC46)
    (fp_text reference C8 (at 2.5 -2.5 270) (layer F.SilkS)
      (effects (font (size 1 1) (thickness 0.15)))
    )
    (fp_text value 100uF (at 2.5 2.5 270) (layer F.Fab)
      (effects (font (size 1 1) (thickness 0.15)))
    )
    (fp_text user %R (at 2.5 0 270) (layer F.Fab)
      (effects (font (size 1 1) (thickness 0.15)))
    )
    (fp_line (start 6.5 -1.5) (end -1.5 -1.5) (layer F.CrtYd) (width 0.05))
    (fp_line (start 6.5 1.5) (end 6.5 -1.5) (layer F.CrtYd) (width 0.05))
    (fp_line (start -1.5 1.5) (end 6.5 1.5) (layer F.CrtYd) (width 0.05))
    (fp_line (start -1.5 -1.5) (end -1.5 1.5) (layer F.CrtYd) (width 0.05))
    (fp_line (start 6.37 -1.37) (end 6.37 1.37) (layer F.SilkS) (width 0.12))
    (fp_line (start -1.37 -1.37) (end -1.37 1.37) (layer F.SilkS) (width 0.12))
    (fp_line (start -1.37 1.37) (end 6.37 1.37) (layer F.SilkS) (width 0.12))
    (fp_line (start -1.37 -1.37) (end 6.37 -1.37) (layer F.SilkS) (width 0.12))
    (fp_line (start 6.25 -1.25) (end -1.25 -1.25) (layer F.Fab) (width 0.1))
    (fp_line (start 6.25 1.25) (end 6.25 -1.25) (layer F.Fab) (width 0.1))
    (fp_line (start -1.25 1.25) (end 6.25 1.25) (layer F.Fab) (width 0.1))
    (fp_line (start -1.25 -1.25) (end -1.25 1.25) (layer F.Fab) (width 0.1))
    (pad 2 thru_hole circle (at 5 0 270) (size 2 2) (drill 1) (layers *.Cu *.Mask)
      (net 1 GND))
    (pad 1 thru_hole circle (at 0 0 270) (size 2 2) (drill 1) (layers *.Cu *.Mask)
      (net 5 "Net-(C8-Pad1)"))
    (model ${KISYS3DMOD}/Capacitor_THT.3dshapes/C_Disc_D7.5mm_W2.5mm_P5.00mm.wrl
      (at (xyz 0 0 0))
      (scale (xyz 1 1 1))
      (rotate (xyz 0 0 0))
    )
  )

  (module Potentiometer_THT:Potentiometer_Vishay_T73XW_Horizontal (layer F.Cu) (tedit 5A3D4993) (tstamp 5C6094C0)
    (at 122.174 64.262 270)
    (descr "Potentiometer, horizontal, Vishay T73XW, http://www.vishay.com/docs/51016/t73.pdf")
    (tags "Potentiometer horizontal Vishay T73XW")
    (path /5C52EF05)
    (fp_text reference RV1 (at 0 -2.01 270) (layer F.SilkS)
      (effects (font (size 1 1) (thickness 0.15)))
    )
    (fp_text value 6.8k (at 0 7.09 270) (layer F.Fab)
      (effects (font (size 1 1) (thickness 0.15)))
    )
    (fp_line (start 2.35 -0.76) (end 2.35 5.84) (layer F.Fab) (width 0.1))
    (fp_line (start 2.35 5.84) (end -2.35 5.84) (layer F.Fab) (width 0.1))
    (fp_line (start -2.35 5.84) (end -2.35 -0.76) (layer F.Fab) (width 0.1))
    (fp_line (start -2.35 -0.76) (end 2.35 -0.76) (layer F.Fab) (width 0.1))
    (fp_line (start -2.47 -0.88) (end -0.65 -0.88) (layer F.SilkS) (width 0.12))
    (fp_line (start 0.65 -0.88) (end 2.47 -0.88) (layer F.SilkS) (width 0.12))
    (fp_line (start -2.47 5.96) (end -0.65 5.96) (layer F.SilkS) (width 0.12))
    (fp_line (start 0.65 5.96) (end 2.47 5.96) (layer F.SilkS) (width 0.12))
    (fp_line (start 2.47 -0.88) (end 2.47 5.96) (layer F.SilkS) (width 0.12))
    (fp_line (start -2.47 -0.88) (end -2.47 5.96) (layer F.SilkS) (width 0.12))
    (fp_line (start -2.6 -1.05) (end -2.6 6.1) (layer F.CrtYd) (width 0.05))
    (fp_line (start -2.6 6.1) (end 2.6 6.1) (layer F.CrtYd) (width 0.05))
    (fp_line (start 2.6 6.1) (end 2.6 -1.05) (layer F.CrtYd) (width 0.05))
    (fp_line (start 2.6 -1.05) (end -2.6 -1.05) (layer F.CrtYd) (width 0.05))
    (fp_text user %R (at 0 2.54 270) (layer F.Fab)
      (effects (font (size 1 1) (thickness 0.15)))
    )
    (pad 3 thru_hole circle (at 0 5.08 270) (size 1.44 1.44) (drill 0.8) (layers *.Cu *.Mask)
      (net 6 "Net-(R2-Pad1)"))
    (pad 2 thru_hole circle (at 0 2.54 270) (size 1.44 1.44) (drill 0.8) (layers *.Cu *.Mask)
      (net 5 "Net-(C8-Pad1)"))
    (pad 1 thru_hole circle (at 0 0 270) (size 1.44 1.44) (drill 0.8) (layers *.Cu *.Mask)
      (net 5 "Net-(C8-Pad1)"))
    (model ${KISYS3DMOD}/Potentiometer_THT.3dshapes/Potentiometer_Vishay_T73XW_Horizontal.wrl
      (at (xyz 0 0 0))
      (scale (xyz 1 1 1))
      (rotate (xyz 0 0 0))
    )
  )

  (module Connector_Wago:Wago_734-132_1x02_P3.50mm_Vertical (layer F.Cu) (tedit 5A1F3EED) (tstamp 5C609E14)
    (at 109.982 84.272 90)
    (descr "Molex 734 Male header (for PCBs); Straight solder pin 1 x 1 mm, 734-132 , 2 Pins (http://www.farnell.com/datasheets/2157639.pdf), generated with kicad-footprint-generator")
    (tags "connector Wago  side entry")
    (path /5C548F30)
    (fp_text reference J1 (at 1.9 -5.35 90) (layer F.SilkS)
      (effects (font (size 1 1) (thickness 0.15)))
    )
    (fp_text value Conn_01x02_Male (at 1.9 5.55 90) (layer F.Fab)
      (effects (font (size 1 1) (thickness 0.15)))
    )
    (fp_line (start -2.8 -4.15) (end -2.8 4.35) (layer F.Fab) (width 0.1))
    (fp_line (start -2.8 4.35) (end 6.6 4.35) (layer F.Fab) (width 0.1))
    (fp_line (start 6.6 4.35) (end 6.6 -4.15) (layer F.Fab) (width 0.1))
    (fp_line (start 6.6 -4.15) (end -2.8 -4.15) (layer F.Fab) (width 0.1))
    (fp_line (start -2.91 -4.26) (end -2.91 4.46) (layer F.SilkS) (width 0.12))
    (fp_line (start -2.91 4.46) (end 6.71 4.46) (layer F.SilkS) (width 0.12))
    (fp_line (start 6.71 4.46) (end 6.71 -4.26) (layer F.SilkS) (width 0.12))
    (fp_line (start 6.71 -4.26) (end -2.91 -4.26) (layer F.SilkS) (width 0.12))
    (fp_line (start -2.3 -2.65) (end -2.3 2.85) (layer F.SilkS) (width 0.12))
    (fp_line (start -2.3 2.85) (end 0 2.85) (layer F.SilkS) (width 0.12))
    (fp_line (start 0 2.85) (end 0 3.85) (layer F.SilkS) (width 0.12))
    (fp_line (start 0 3.85) (end 2.6 3.85) (layer F.SilkS) (width 0.12))
    (fp_line (start 2.6 3.85) (end 2.6 2.85) (layer F.SilkS) (width 0.12))
    (fp_line (start 2.6 2.85) (end 3.5 2.85) (layer F.SilkS) (width 0.12))
    (fp_line (start 3.5 2.85) (end 3.5 3.85) (layer F.SilkS) (width 0.12))
    (fp_line (start 3.5 3.85) (end 6.1 3.85) (layer F.SilkS) (width 0.12))
    (fp_line (start 6.1 3.85) (end 6.1 -2.65) (layer F.SilkS) (width 0.12))
    (fp_line (start 6.1 -2.65) (end -2.3 -2.65) (layer F.SilkS) (width 0.12))
    (fp_line (start -3.21 -2.15) (end -3.21 -4.56) (layer F.SilkS) (width 0.12))
    (fp_line (start -3.21 -4.56) (end -0.8 -4.56) (layer F.SilkS) (width 0.12))
    (fp_line (start -0.5 -4.15) (end 0 -3.442893) (layer F.Fab) (width 0.1))
    (fp_line (start 0 -3.442893) (end 0.5 -4.15) (layer F.Fab) (width 0.1))
    (fp_line (start -3.3 -4.65) (end -3.3 4.85) (layer F.CrtYd) (width 0.05))
    (fp_line (start -3.3 4.85) (end 7.1 4.85) (layer F.CrtYd) (width 0.05))
    (fp_line (start 7.1 4.85) (end 7.1 -4.65) (layer F.CrtYd) (width 0.05))
    (fp_line (start 7.1 -4.65) (end -3.3 -4.65) (layer F.CrtYd) (width 0.05))
    (fp_text user %R (at 1.9 3.65 90) (layer F.Fab)
      (effects (font (size 1 1) (thickness 0.15)))
    )
    (pad 1 thru_hole rect (at 0 0 90) (size 2 2.6) (drill 1.6) (layers *.Cu *.Mask)
      (net 13 "Net-(C2-Pad1)"))
    (pad 2 thru_hole oval (at 3.5 0 90) (size 2 2.6) (drill 1.6) (layers *.Cu *.Mask)
      (net 1 GND))
    (model ${KISYS3DMOD}/Connector_Wago.3dshapes/Wago_734-132_1x02_P3.50mm_Vertical.wrl
      (at (xyz 0 0 0))
      (scale (xyz 1 1 1))
      (rotate (xyz 0 0 0))
    )
  )

  (module Connector_Wago:Wago_734-132_1x02_P3.50mm_Vertical (layer F.Cu) (tedit 5A1F3EED) (tstamp 5C609E34)
    (at 154.432 74.676 90)
    (descr "Molex 734 Male header (for PCBs); Straight solder pin 1 x 1 mm, 734-132 , 2 Pins (http://www.farnell.com/datasheets/2157639.pdf), generated with kicad-footprint-generator")
    (tags "connector Wago  side entry")
    (path /5C53A181)
    (fp_text reference J2 (at 1.9 -5.35 90) (layer F.SilkS)
      (effects (font (size 1 1) (thickness 0.15)))
    )
    (fp_text value Conn_01x02_Male (at 1.9 5.55 90) (layer F.Fab)
      (effects (font (size 1 1) (thickness 0.15)))
    )
    (fp_line (start -2.8 -4.15) (end -2.8 4.35) (layer F.Fab) (width 0.1))
    (fp_line (start -2.8 4.35) (end 6.6 4.35) (layer F.Fab) (width 0.1))
    (fp_line (start 6.6 4.35) (end 6.6 -4.15) (layer F.Fab) (width 0.1))
    (fp_line (start 6.6 -4.15) (end -2.8 -4.15) (layer F.Fab) (width 0.1))
    (fp_line (start -2.91 -4.26) (end -2.91 4.46) (layer F.SilkS) (width 0.12))
    (fp_line (start -2.91 4.46) (end 6.71 4.46) (layer F.SilkS) (width 0.12))
    (fp_line (start 6.71 4.46) (end 6.71 -4.26) (layer F.SilkS) (width 0.12))
    (fp_line (start 6.71 -4.26) (end -2.91 -4.26) (layer F.SilkS) (width 0.12))
    (fp_line (start -2.3 -2.65) (end -2.3 2.85) (layer F.SilkS) (width 0.12))
    (fp_line (start -2.3 2.85) (end 0 2.85) (layer F.SilkS) (width 0.12))
    (fp_line (start 0 2.85) (end 0 3.85) (layer F.SilkS) (width 0.12))
    (fp_line (start 0 3.85) (end 2.6 3.85) (layer F.SilkS) (width 0.12))
    (fp_line (start 2.6 3.85) (end 2.6 2.85) (layer F.SilkS) (width 0.12))
    (fp_line (start 2.6 2.85) (end 3.5 2.85) (layer F.SilkS) (width 0.12))
    (fp_line (start 3.5 2.85) (end 3.5 3.85) (layer F.SilkS) (width 0.12))
    (fp_line (start 3.5 3.85) (end 6.1 3.85) (layer F.SilkS) (width 0.12))
    (fp_line (start 6.1 3.85) (end 6.1 -2.65) (layer F.SilkS) (width 0.12))
    (fp_line (start 6.1 -2.65) (end -2.3 -2.65) (layer F.SilkS) (width 0.12))
    (fp_line (start -3.21 -2.15) (end -3.21 -4.56) (layer F.SilkS) (width 0.12))
    (fp_line (start -3.21 -4.56) (end -0.8 -4.56) (layer F.SilkS) (width 0.12))
    (fp_line (start -0.5 -4.15) (end 0 -3.442893) (layer F.Fab) (width 0.1))
    (fp_line (start 0 -3.442893) (end 0.5 -4.15) (layer F.Fab) (width 0.1))
    (fp_line (start -3.3 -4.65) (end -3.3 4.85) (layer F.CrtYd) (width 0.05))
    (fp_line (start -3.3 4.85) (end 7.1 4.85) (layer F.CrtYd) (width 0.05))
    (fp_line (start 7.1 4.85) (end 7.1 -4.65) (layer F.CrtYd) (width 0.05))
    (fp_line (start 7.1 -4.65) (end -3.3 -4.65) (layer F.CrtYd) (width 0.05))
    (fp_text user %R (at 1.9 3.65 90) (layer F.Fab)
      (effects (font (size 1 1) (thickness 0.15)))
    )
    (pad 1 thru_hole rect (at 0 0 90) (size 2 2.6) (drill 1.6) (layers *.Cu *.Mask)
      (net 11 "Net-(C12-Pad1)"))
    (pad 2 thru_hole oval (at 3.5 0 90) (size 2 2.6) (drill 1.6) (layers *.Cu *.Mask)
      (net 5 "Net-(C8-Pad1)"))
    (model ${KISYS3DMOD}/Connector_Wago.3dshapes/Wago_734-132_1x02_P3.50mm_Vertical.wrl
      (at (xyz 0 0 0))
      (scale (xyz 1 1 1))
      (rotate (xyz 0 0 0))
    )
  )

  (module Connector_Wago:Wago_734-132_1x02_P3.50mm_Vertical (layer F.Cu) (tedit 5A1F3EED) (tstamp 5C609E54)
    (at 154.432 85.796 90)
    (descr "Molex 734 Male header (for PCBs); Straight solder pin 1 x 1 mm, 734-132 , 2 Pins (http://www.farnell.com/datasheets/2157639.pdf), generated with kicad-footprint-generator")
    (tags "connector Wago  side entry")
    (path /5C53BC40)
    (fp_text reference J3 (at 1.9 -5.35 90) (layer F.SilkS)
      (effects (font (size 1 1) (thickness 0.15)))
    )
    (fp_text value Conn_01x02_Male (at 1.9 5.55 90) (layer F.Fab)
      (effects (font (size 1 1) (thickness 0.15)))
    )
    (fp_text user %R (at 1.9 3.65 90) (layer F.Fab)
      (effects (font (size 1 1) (thickness 0.15)))
    )
    (fp_line (start 7.1 -4.65) (end -3.3 -4.65) (layer F.CrtYd) (width 0.05))
    (fp_line (start 7.1 4.85) (end 7.1 -4.65) (layer F.CrtYd) (width 0.05))
    (fp_line (start -3.3 4.85) (end 7.1 4.85) (layer F.CrtYd) (width 0.05))
    (fp_line (start -3.3 -4.65) (end -3.3 4.85) (layer F.CrtYd) (width 0.05))
    (fp_line (start 0 -3.442893) (end 0.5 -4.15) (layer F.Fab) (width 0.1))
    (fp_line (start -0.5 -4.15) (end 0 -3.442893) (layer F.Fab) (width 0.1))
    (fp_line (start -3.21 -4.56) (end -0.8 -4.56) (layer F.SilkS) (width 0.12))
    (fp_line (start -3.21 -2.15) (end -3.21 -4.56) (layer F.SilkS) (width 0.12))
    (fp_line (start 6.1 -2.65) (end -2.3 -2.65) (layer F.SilkS) (width 0.12))
    (fp_line (start 6.1 3.85) (end 6.1 -2.65) (layer F.SilkS) (width 0.12))
    (fp_line (start 3.5 3.85) (end 6.1 3.85) (layer F.SilkS) (width 0.12))
    (fp_line (start 3.5 2.85) (end 3.5 3.85) (layer F.SilkS) (width 0.12))
    (fp_line (start 2.6 2.85) (end 3.5 2.85) (layer F.SilkS) (width 0.12))
    (fp_line (start 2.6 3.85) (end 2.6 2.85) (layer F.SilkS) (width 0.12))
    (fp_line (start 0 3.85) (end 2.6 3.85) (layer F.SilkS) (width 0.12))
    (fp_line (start 0 2.85) (end 0 3.85) (layer F.SilkS) (width 0.12))
    (fp_line (start -2.3 2.85) (end 0 2.85) (layer F.SilkS) (width 0.12))
    (fp_line (start -2.3 -2.65) (end -2.3 2.85) (layer F.SilkS) (width 0.12))
    (fp_line (start 6.71 -4.26) (end -2.91 -4.26) (layer F.SilkS) (width 0.12))
    (fp_line (start 6.71 4.46) (end 6.71 -4.26) (layer F.SilkS) (width 0.12))
    (fp_line (start -2.91 4.46) (end 6.71 4.46) (layer F.SilkS) (width 0.12))
    (fp_line (start -2.91 -4.26) (end -2.91 4.46) (layer F.SilkS) (width 0.12))
    (fp_line (start 6.6 -4.15) (end -2.8 -4.15) (layer F.Fab) (width 0.1))
    (fp_line (start 6.6 4.35) (end 6.6 -4.15) (layer F.Fab) (width 0.1))
    (fp_line (start -2.8 4.35) (end 6.6 4.35) (layer F.Fab) (width 0.1))
    (fp_line (start -2.8 -4.15) (end -2.8 4.35) (layer F.Fab) (width 0.1))
    (pad 2 thru_hole oval (at 3.5 0 90) (size 2 2.6) (drill 1.6) (layers *.Cu *.Mask)
      (net 5 "Net-(C8-Pad1)"))
    (pad 1 thru_hole rect (at 0 0 90) (size 2 2.6) (drill 1.6) (layers *.Cu *.Mask)
      (net 1 GND))
    (model ${KISYS3DMOD}/Connector_Wago.3dshapes/Wago_734-132_1x02_P3.50mm_Vertical.wrl
      (at (xyz 0 0 0))
      (scale (xyz 1 1 1))
      (rotate (xyz 0 0 0))
    )
  )

  (module Capacitor_SMD:C_1206_3216Metric (layer B.Cu) (tedit 5B301BBE) (tstamp 5CEC167A)
    (at 127 81.026 270)
    (descr "Capacitor SMD 1206 (3216 Metric), square (rectangular) end terminal, IPC_7351 nominal, (Body size source: http://www.tortai-tech.com/upload/download/2011102023233369053.pdf), generated with kicad-footprint-generator")
    (tags capacitor)
    (path /5C54FD11)
    (attr smd)
    (fp_text reference C3 (at 0 -0.254 270) (layer B.SilkS)
      (effects (font (size 1 1) (thickness 0.15)) (justify mirror))
    )
    (fp_text value 12-300pF (at 6.858 0 270) (layer B.Fab)
      (effects (font (size 1 1) (thickness 0.15)) (justify mirror))
    )
    (fp_text user %R (at -1.524 -0.254 270) (layer B.Fab)
      (effects (font (size 0.8 0.8) (thickness 0.12)) (justify mirror))
    )
    (fp_line (start 2.28 -1.12) (end -2.28 -1.12) (layer B.CrtYd) (width 0.05))
    (fp_line (start 2.28 1.12) (end 2.28 -1.12) (layer B.CrtYd) (width 0.05))
    (fp_line (start -2.28 1.12) (end 2.28 1.12) (layer B.CrtYd) (width 0.05))
    (fp_line (start -2.28 -1.12) (end -2.28 1.12) (layer B.CrtYd) (width 0.05))
    (fp_line (start -0.602064 -0.91) (end 0.602064 -0.91) (layer B.SilkS) (width 0.12))
    (fp_line (start -0.602064 0.91) (end 0.602064 0.91) (layer B.SilkS) (width 0.12))
    (fp_line (start 1.6 -0.8) (end -1.6 -0.8) (layer B.Fab) (width 0.1))
    (fp_line (start 1.6 0.8) (end 1.6 -0.8) (layer B.Fab) (width 0.1))
    (fp_line (start -1.6 0.8) (end 1.6 0.8) (layer B.Fab) (width 0.1))
    (fp_line (start -1.6 -0.8) (end -1.6 0.8) (layer B.Fab) (width 0.1))
    (pad 2 smd roundrect (at 1.4 0 270) (size 1.25 1.75) (layers B.Cu B.Paste B.Mask) (roundrect_rratio 0.2)
      (net 13 "Net-(C2-Pad1)"))
    (pad 1 smd roundrect (at -1.4 0 270) (size 1.25 1.75) (layers B.Cu B.Paste B.Mask) (roundrect_rratio 0.2)
      (net 2 "Net-(C3-Pad1)"))
    (model ${KISYS3DMOD}/Capacitor_SMD.3dshapes/C_1206_3216Metric.wrl
      (at (xyz 0 0 0))
      (scale (xyz 1 1 1))
      (rotate (xyz 0 0 0))
    )
  )

  (module Capacitor_SMD:C_1206_3216Metric (layer B.Cu) (tedit 5B301BBE) (tstamp 5CEC168A)
    (at 129.286 80.902 270)
    (descr "Capacitor SMD 1206 (3216 Metric), square (rectangular) end terminal, IPC_7351 nominal, (Body size source: http://www.tortai-tech.com/upload/download/2011102023233369053.pdf), generated with kicad-footprint-generator")
    (tags capacitor)
    (path /5C52EB69)
    (attr smd)
    (fp_text reference C4 (at -1.654 0 270) (layer B.SilkS)
      (effects (font (size 1 1) (thickness 0.15)) (justify mirror))
    )
    (fp_text value 12-300pF (at 7.236 -0.254 270) (layer B.Fab)
      (effects (font (size 1 1) (thickness 0.15)) (justify mirror))
    )
    (fp_line (start -1.6 -0.8) (end -1.6 0.8) (layer B.Fab) (width 0.1))
    (fp_line (start -1.6 0.8) (end 1.6 0.8) (layer B.Fab) (width 0.1))
    (fp_line (start 1.6 0.8) (end 1.6 -0.8) (layer B.Fab) (width 0.1))
    (fp_line (start 1.6 -0.8) (end -1.6 -0.8) (layer B.Fab) (width 0.1))
    (fp_line (start -0.602064 0.91) (end 0.602064 0.91) (layer B.SilkS) (width 0.12))
    (fp_line (start -0.602064 -0.91) (end 0.602064 -0.91) (layer B.SilkS) (width 0.12))
    (fp_line (start -2.28 -1.12) (end -2.28 1.12) (layer B.CrtYd) (width 0.05))
    (fp_line (start -2.28 1.12) (end 2.28 1.12) (layer B.CrtYd) (width 0.05))
    (fp_line (start 2.28 1.12) (end 2.28 -1.12) (layer B.CrtYd) (width 0.05))
    (fp_line (start 2.28 -1.12) (end -2.28 -1.12) (layer B.CrtYd) (width 0.05))
    (fp_text user %R (at 0 0 270) (layer B.Fab)
      (effects (font (size 0.8 0.8) (thickness 0.12)) (justify mirror))
    )
    (pad 1 smd roundrect (at -1.4 0 270) (size 1.25 1.75) (layers B.Cu B.Paste B.Mask) (roundrect_rratio 0.2)
      (net 2 "Net-(C3-Pad1)"))
    (pad 2 smd roundrect (at 1.4 0 270) (size 1.25 1.75) (layers B.Cu B.Paste B.Mask) (roundrect_rratio 0.2)
      (net 13 "Net-(C2-Pad1)"))
    (model ${KISYS3DMOD}/Capacitor_SMD.3dshapes/C_1206_3216Metric.wrl
      (at (xyz 0 0 0))
      (scale (xyz 1 1 1))
      (rotate (xyz 0 0 0))
    )
  )

  (module Capacitor_SMD:C_1206_3216Metric (layer B.Cu) (tedit 5B301BBE) (tstamp 5CEC16AA)
    (at 122.682 73.282 270)
    (descr "Capacitor SMD 1206 (3216 Metric), square (rectangular) end terminal, IPC_7351 nominal, (Body size source: http://www.tortai-tech.com/upload/download/2011102023233369053.pdf), generated with kicad-footprint-generator")
    (tags capacitor)
    (path /5C530EF5)
    (attr smd)
    (fp_text reference C6 (at 0.124 -0.254 270) (layer B.SilkS)
      (effects (font (size 1 1) (thickness 0.15)) (justify mirror))
    )
    (fp_text value 0.05uF (at 1.394 1.778 270) (layer B.Fab)
      (effects (font (size 1 1) (thickness 0.15)) (justify mirror))
    )
    (fp_text user %R (at 0 0.762 270) (layer B.Fab)
      (effects (font (size 0.8 0.8) (thickness 0.12)) (justify mirror))
    )
    (fp_line (start 2.28 -1.12) (end -2.28 -1.12) (layer B.CrtYd) (width 0.05))
    (fp_line (start 2.28 1.12) (end 2.28 -1.12) (layer B.CrtYd) (width 0.05))
    (fp_line (start -2.28 1.12) (end 2.28 1.12) (layer B.CrtYd) (width 0.05))
    (fp_line (start -2.28 -1.12) (end -2.28 1.12) (layer B.CrtYd) (width 0.05))
    (fp_line (start -0.602064 -0.91) (end 0.602064 -0.91) (layer B.SilkS) (width 0.12))
    (fp_line (start -0.602064 0.91) (end 0.602064 0.91) (layer B.SilkS) (width 0.12))
    (fp_line (start 1.6 -0.8) (end -1.6 -0.8) (layer B.Fab) (width 0.1))
    (fp_line (start 1.6 0.8) (end 1.6 -0.8) (layer B.Fab) (width 0.1))
    (fp_line (start -1.6 0.8) (end 1.6 0.8) (layer B.Fab) (width 0.1))
    (fp_line (start -1.6 -0.8) (end -1.6 0.8) (layer B.Fab) (width 0.1))
    (pad 2 smd roundrect (at 1.4 0 270) (size 1.25 1.75) (layers B.Cu B.Paste B.Mask) (roundrect_rratio 0.2)
      (net 1 GND))
    (pad 1 smd roundrect (at -1.4 0 270) (size 1.25 1.75) (layers B.Cu B.Paste B.Mask) (roundrect_rratio 0.2)
      (net 3 "Net-(C6-Pad1)"))
    (model ${KISYS3DMOD}/Capacitor_SMD.3dshapes/C_1206_3216Metric.wrl
      (at (xyz 0 0 0))
      (scale (xyz 1 1 1))
      (rotate (xyz 0 0 0))
    )
  )

  (module Capacitor_SMD:C_1206_3216Metric (layer B.Cu) (tedit 5B301BBE) (tstamp 5CEC16BA)
    (at 126.492 69.342 180)
    (descr "Capacitor SMD 1206 (3216 Metric), square (rectangular) end terminal, IPC_7351 nominal, (Body size source: http://www.tortai-tech.com/upload/download/2011102023233369053.pdf), generated with kicad-footprint-generator")
    (tags capacitor)
    (path /5C52F0E6)
    (attr smd)
    (fp_text reference C7 (at 0 0 180) (layer B.SilkS)
      (effects (font (size 1 1) (thickness 0.15)) (justify mirror))
    )
    (fp_text value C (at 0 -1.524 180) (layer B.Fab)
      (effects (font (size 1 1) (thickness 0.15)) (justify mirror))
    )
    (fp_line (start -1.6 -0.8) (end -1.6 0.8) (layer B.Fab) (width 0.1))
    (fp_line (start -1.6 0.8) (end 1.6 0.8) (layer B.Fab) (width 0.1))
    (fp_line (start 1.6 0.8) (end 1.6 -0.8) (layer B.Fab) (width 0.1))
    (fp_line (start 1.6 -0.8) (end -1.6 -0.8) (layer B.Fab) (width 0.1))
    (fp_line (start -0.602064 0.91) (end 0.602064 0.91) (layer B.SilkS) (width 0.12))
    (fp_line (start -0.602064 -0.91) (end 0.602064 -0.91) (layer B.SilkS) (width 0.12))
    (fp_line (start -2.28 -1.12) (end -2.28 1.12) (layer B.CrtYd) (width 0.05))
    (fp_line (start -2.28 1.12) (end 2.28 1.12) (layer B.CrtYd) (width 0.05))
    (fp_line (start 2.28 1.12) (end 2.28 -1.12) (layer B.CrtYd) (width 0.05))
    (fp_line (start 2.28 -1.12) (end -2.28 -1.12) (layer B.CrtYd) (width 0.05))
    (fp_text user %R (at 0 0 180) (layer B.Fab)
      (effects (font (size 0.8 0.8) (thickness 0.12)) (justify mirror))
    )
    (pad 1 smd roundrect (at -1.4 0 180) (size 1.25 1.75) (layers B.Cu B.Paste B.Mask) (roundrect_rratio 0.2)
      (net 4 "Net-(C7-Pad1)"))
    (pad 2 smd roundrect (at 1.4 0 180) (size 1.25 1.75) (layers B.Cu B.Paste B.Mask) (roundrect_rratio 0.2)
      (net 3 "Net-(C6-Pad1)"))
    (model ${KISYS3DMOD}/Capacitor_SMD.3dshapes/C_1206_3216Metric.wrl
      (at (xyz 0 0 0))
      (scale (xyz 1 1 1))
      (rotate (xyz 0 0 0))
    )
  )

  (module Capacitor_SMD:C_1206_3216Metric (layer B.Cu) (tedit 5B301BBE) (tstamp 5CEC16DA)
    (at 137.414 68.45 90)
    (descr "Capacitor SMD 1206 (3216 Metric), square (rectangular) end terminal, IPC_7351 nominal, (Body size source: http://www.tortai-tech.com/upload/download/2011102023233369053.pdf), generated with kicad-footprint-generator")
    (tags capacitor)
    (path /5CE0744B)
    (attr smd)
    (fp_text reference C9 (at 0 1.82 90) (layer B.SilkS)
      (effects (font (size 1 1) (thickness 0.15)) (justify mirror))
    )
    (fp_text value 0.05uF (at 3.934 -0.254 90) (layer B.Fab)
      (effects (font (size 1 1) (thickness 0.15)) (justify mirror))
    )
    (fp_line (start -1.6 -0.8) (end -1.6 0.8) (layer B.Fab) (width 0.1))
    (fp_line (start -1.6 0.8) (end 1.6 0.8) (layer B.Fab) (width 0.1))
    (fp_line (start 1.6 0.8) (end 1.6 -0.8) (layer B.Fab) (width 0.1))
    (fp_line (start 1.6 -0.8) (end -1.6 -0.8) (layer B.Fab) (width 0.1))
    (fp_line (start -0.602064 0.91) (end 0.602064 0.91) (layer B.SilkS) (width 0.12))
    (fp_line (start -0.602064 -0.91) (end 0.602064 -0.91) (layer B.SilkS) (width 0.12))
    (fp_line (start -2.28 -1.12) (end -2.28 1.12) (layer B.CrtYd) (width 0.05))
    (fp_line (start -2.28 1.12) (end 2.28 1.12) (layer B.CrtYd) (width 0.05))
    (fp_line (start 2.28 1.12) (end 2.28 -1.12) (layer B.CrtYd) (width 0.05))
    (fp_line (start 2.28 -1.12) (end -2.28 -1.12) (layer B.CrtYd) (width 0.05))
    (fp_text user %R (at 0 0 90) (layer B.Fab)
      (effects (font (size 0.8 0.8) (thickness 0.12)) (justify mirror))
    )
    (pad 1 smd roundrect (at -1.4 0 90) (size 1.25 1.75) (layers B.Cu B.Paste B.Mask) (roundrect_rratio 0.2)
      (net 7 "Net-(C9-Pad1)"))
    (pad 2 smd roundrect (at 1.4 0 90) (size 1.25 1.75) (layers B.Cu B.Paste B.Mask) (roundrect_rratio 0.2)
      (net 1 GND))
    (model ${KISYS3DMOD}/Capacitor_SMD.3dshapes/C_1206_3216Metric.wrl
      (at (xyz 0 0 0))
      (scale (xyz 1 1 1))
      (rotate (xyz 0 0 0))
    )
  )

  (module Capacitor_SMD:C_1206_3216Metric (layer B.Cu) (tedit 5B301BBE) (tstamp 5CEC16EB)
    (at 132.08 77.6 90)
    (descr "Capacitor SMD 1206 (3216 Metric), square (rectangular) end terminal, IPC_7351 nominal, (Body size source: http://www.tortai-tech.com/upload/download/2011102023233369053.pdf), generated with kicad-footprint-generator")
    (tags capacitor)
    (path /5CE39205)
    (attr smd)
    (fp_text reference C10 (at -0.124 0 90) (layer B.SilkS)
      (effects (font (size 1 1) (thickness 0.15)) (justify mirror))
    )
    (fp_text value 0.1 (at 0 -1.82 90) (layer B.Fab)
      (effects (font (size 1 1) (thickness 0.15)) (justify mirror))
    )
    (fp_text user %R (at 0 0 90) (layer B.Fab)
      (effects (font (size 0.8 0.8) (thickness 0.12)) (justify mirror))
    )
    (fp_line (start 2.28 -1.12) (end -2.28 -1.12) (layer B.CrtYd) (width 0.05))
    (fp_line (start 2.28 1.12) (end 2.28 -1.12) (layer B.CrtYd) (width 0.05))
    (fp_line (start -2.28 1.12) (end 2.28 1.12) (layer B.CrtYd) (width 0.05))
    (fp_line (start -2.28 -1.12) (end -2.28 1.12) (layer B.CrtYd) (width 0.05))
    (fp_line (start -0.602064 -0.91) (end 0.602064 -0.91) (layer B.SilkS) (width 0.12))
    (fp_line (start -0.602064 0.91) (end 0.602064 0.91) (layer B.SilkS) (width 0.12))
    (fp_line (start 1.6 -0.8) (end -1.6 -0.8) (layer B.Fab) (width 0.1))
    (fp_line (start 1.6 0.8) (end 1.6 -0.8) (layer B.Fab) (width 0.1))
    (fp_line (start -1.6 0.8) (end 1.6 0.8) (layer B.Fab) (width 0.1))
    (fp_line (start -1.6 -0.8) (end -1.6 0.8) (layer B.Fab) (width 0.1))
    (pad 2 smd roundrect (at 1.4 0 90) (size 1.25 1.75) (layers B.Cu B.Paste B.Mask) (roundrect_rratio 0.2)
      (net 8 "Net-(C10-Pad2)"))
    (pad 1 smd roundrect (at -1.4 0 90) (size 1.25 1.75) (layers B.Cu B.Paste B.Mask) (roundrect_rratio 0.2)
      (net 9 "Net-(C10-Pad1)"))
    (model ${KISYS3DMOD}/Capacitor_SMD.3dshapes/C_1206_3216Metric.wrl
      (at (xyz 0 0 0))
      (scale (xyz 1 1 1))
      (rotate (xyz 0 0 0))
    )
  )

  (module Capacitor_SMD:C_1206_3216Metric (layer B.Cu) (tedit 5B301BBE) (tstamp 5CEC16FC)
    (at 144.78 78.994 270)
    (descr "Capacitor SMD 1206 (3216 Metric), square (rectangular) end terminal, IPC_7351 nominal, (Body size source: http://www.tortai-tech.com/upload/download/2011102023233369053.pdf), generated with kicad-footprint-generator")
    (tags capacitor)
    (path /5CE33FCB)
    (attr smd)
    (fp_text reference C11 (at 0 -0.254 270) (layer B.SilkS)
      (effects (font (size 1 1) (thickness 0.15)) (justify mirror))
    )
    (fp_text value 0.05uF (at 4.318 0 270) (layer B.Fab)
      (effects (font (size 1 1) (thickness 0.15)) (justify mirror))
    )
    (fp_line (start -1.6 -0.8) (end -1.6 0.8) (layer B.Fab) (width 0.1))
    (fp_line (start -1.6 0.8) (end 1.6 0.8) (layer B.Fab) (width 0.1))
    (fp_line (start 1.6 0.8) (end 1.6 -0.8) (layer B.Fab) (width 0.1))
    (fp_line (start 1.6 -0.8) (end -1.6 -0.8) (layer B.Fab) (width 0.1))
    (fp_line (start -0.602064 0.91) (end 0.602064 0.91) (layer B.SilkS) (width 0.12))
    (fp_line (start -0.602064 -0.91) (end 0.602064 -0.91) (layer B.SilkS) (width 0.12))
    (fp_line (start -2.28 -1.12) (end -2.28 1.12) (layer B.CrtYd) (width 0.05))
    (fp_line (start -2.28 1.12) (end 2.28 1.12) (layer B.CrtYd) (width 0.05))
    (fp_line (start 2.28 1.12) (end 2.28 -1.12) (layer B.CrtYd) (width 0.05))
    (fp_line (start 2.28 -1.12) (end -2.28 -1.12) (layer B.CrtYd) (width 0.05))
    (fp_text user %R (at 0 0 270) (layer B.Fab)
      (effects (font (size 0.8 0.8) (thickness 0.12)) (justify mirror))
    )
    (pad 1 smd roundrect (at -1.4 0 270) (size 1.25 1.75) (layers B.Cu B.Paste B.Mask) (roundrect_rratio 0.2)
      (net 10 "Net-(C11-Pad1)"))
    (pad 2 smd roundrect (at 1.4 0 270) (size 1.25 1.75) (layers B.Cu B.Paste B.Mask) (roundrect_rratio 0.2)
      (net 1 GND))
    (model ${KISYS3DMOD}/Capacitor_SMD.3dshapes/C_1206_3216Metric.wrl
      (at (xyz 0 0 0))
      (scale (xyz 1 1 1))
      (rotate (xyz 0 0 0))
    )
  )

  (module Capacitor_SMD:C_1206_3216Metric (layer B.Cu) (tedit 5B301BBE) (tstamp 5CEC170D)
    (at 147.066 74.168 180)
    (descr "Capacitor SMD 1206 (3216 Metric), square (rectangular) end terminal, IPC_7351 nominal, (Body size source: http://www.tortai-tech.com/upload/download/2011102023233369053.pdf), generated with kicad-footprint-generator")
    (tags capacitor)
    (path /5CE4DE96)
    (attr smd)
    (fp_text reference C12 (at 0 1.524 180) (layer B.SilkS)
      (effects (font (size 1 1) (thickness 0.15)) (justify mirror))
    )
    (fp_text value 0.1 (at 0 2.794 180) (layer B.Fab)
      (effects (font (size 1 1) (thickness 0.15)) (justify mirror))
    )
    (fp_line (start -1.6 -0.8) (end -1.6 0.8) (layer B.Fab) (width 0.1))
    (fp_line (start -1.6 0.8) (end 1.6 0.8) (layer B.Fab) (width 0.1))
    (fp_line (start 1.6 0.8) (end 1.6 -0.8) (layer B.Fab) (width 0.1))
    (fp_line (start 1.6 -0.8) (end -1.6 -0.8) (layer B.Fab) (width 0.1))
    (fp_line (start -0.602064 0.91) (end 0.602064 0.91) (layer B.SilkS) (width 0.12))
    (fp_line (start -0.602064 -0.91) (end 0.602064 -0.91) (layer B.SilkS) (width 0.12))
    (fp_line (start -2.28 -1.12) (end -2.28 1.12) (layer B.CrtYd) (width 0.05))
    (fp_line (start -2.28 1.12) (end 2.28 1.12) (layer B.CrtYd) (width 0.05))
    (fp_line (start 2.28 1.12) (end 2.28 -1.12) (layer B.CrtYd) (width 0.05))
    (fp_line (start 2.28 -1.12) (end -2.28 -1.12) (layer B.CrtYd) (width 0.05))
    (fp_text user %R (at 0 0 180) (layer B.Fab)
      (effects (font (size 0.8 0.8) (thickness 0.12)) (justify mirror))
    )
    (pad 1 smd roundrect (at -1.4 0 180) (size 1.25 1.75) (layers B.Cu B.Paste B.Mask) (roundrect_rratio 0.2)
      (net 11 "Net-(C12-Pad1)"))
    (pad 2 smd roundrect (at 1.4 0 180) (size 1.25 1.75) (layers B.Cu B.Paste B.Mask) (roundrect_rratio 0.2)
      (net 12 "Net-(C12-Pad2)"))
    (model ${KISYS3DMOD}/Capacitor_SMD.3dshapes/C_1206_3216Metric.wrl
      (at (xyz 0 0 0))
      (scale (xyz 1 1 1))
      (rotate (xyz 0 0 0))
    )
  )

  (module Package_TO_SOT_SMD:SOT-23 (layer B.Cu) (tedit 5A02FF57) (tstamp 5CEC170E)
    (at 123.952 80.518 270)
    (descr "SOT-23, Standard")
    (tags SOT-23)
    (path /5CE07069)
    (attr smd)
    (fp_text reference Q1 (at 0 2.5 270) (layer B.SilkS)
      (effects (font (size 1 1) (thickness 0.15)) (justify mirror))
    )
    (fp_text value BC807 (at 2.794 -0.254 270) (layer B.Fab)
      (effects (font (size 1 1) (thickness 0.15)) (justify mirror))
    )
    (fp_text user %R (at 0 0 180) (layer B.Fab)
      (effects (font (size 0.5 0.5) (thickness 0.075)) (justify mirror))
    )
    (fp_line (start -0.7 0.95) (end -0.7 -1.5) (layer B.Fab) (width 0.1))
